
### PDF and alpha_s uncertianties

### NNPDF variations: 100 (2 alpha_s variations missing)
==============================
 [1]  0.06 (0.00 %) (nominal) 
 [2]  0.06 (0.85 %)
 [3]  0.06 (0.35 %)
 [4]  0.06 (0.49 %)
 [5]  0.06 (0.06 %)
 [6]  0.06 (0.46 %)
 [7]  0.06 (0.07 %)
 [8]  0.06 (0.54 %)
 [9]  0.06 (0.32 %)
 [10] 0.06 (0.44 %)
 [11] 0.06 (1.40 %)
 [12] 0.06 (0.19 %)
 [13] 0.06 (0.90 %)
 [14] 0.06 (1.15 %)
 [15] 0.06 (0.41 %)
 [16] 0.06 (0.03 %)
 [17] 0.06 (1.84 %)
 [18] 0.06 (0.59 %)
 [19] 0.07 (0.20 %)
 [20] 0.07 (0.53 %)
 [21] 0.06 (0.07 %)
 [22] 0.07 (0.43 %)
 [23] 0.07 (0.65 %)
 [24] 0.07 (0.50 %)
 [25] 0.06 (0.50 %)
 [26] 0.06 (0.02 %)
 [27] 0.06 (1.71 %)
 [28] 0.06 (1.12 %)
 [29] 0.06 (0.53 %)
 [30] 0.07 (0.38 %)
 [31] 0.06 (0.11 %)
 [32] 0.06 (0.41 %)
 [33] 0.06 (0.43 %)
 [34] 0.07 (0.55 %)
 [35] 0.06 (0.89 %)
 [36] 0.06 (0.12 %)
 [37] 0.06 (0.69 %)
 [38] 0.07 (0.42 %)
 [39] 0.06 (0.01 %)
 [40] 0.06 (0.26 %)
 [41] 0.07 (0.48 %)
 [42] 0.06 (0.60 %)
 [43] 0.06 (0.06 %)
 [44] 0.06 (0.16 %)
 [45] 0.07 (0.17 %)
 [46] 0.07 (1.03 %)
 [47] 0.06 (1.01 %)
 [48] 0.06 (0.65 %)
 [49] 0.06 (0.74 %)
 [50] 0.06 (0.52 %)
 [51] 0.06 (0.43 %)
 [52] 0.06 (0.46 %)
 [53] 0.07 (0.37 %)
 [54] 0.06 (1.09 %)
 [55] 0.06 (0.51 %)
 [56] 0.06 (1.02 %)
 [57] 0.06 (0.13 %)
 [58] 0.06 (0.74 %)
 [59] 0.06 (0.00 %)
 [60] 0.06 (0.00 %)
 [61] 0.06 (0.03 %)
 [62] 0.07 (0.18 %)
 [63] 0.06 (0.85 %)
 [64] 0.06 (1.28 %)
 [65] 0.06 (0.79 %)
 [66] 0.06 (0.17 %)
 [67] 0.07 (0.67 %)
 [68] 0.06 (0.49 %)
 [69] 0.06 (1.24 %)
 [70] 0.06 (1.35 %)
 [71] 0.07 (0.40 %)
 [72] 0.06 (0.05 %)
 [73] 0.06 (0.94 %)
 [74] 0.06 (0.71 %)
 [75] 0.06 (0.43 %)
 [76] 0.06 (0.08 %)
 [77] 0.06 (0.02 %)
 [78] 0.06 (0.70 %)
 [79] 0.06 (0.16 %)
 [80] 0.06 (0.38 %)
 [81] 0.07 (0.18 %)
 [82] 0.06 (0.50 %)
 [83] 0.06 (0.28 %)
 [84] 0.06 (0.21 %)
 [85] 0.06 (0.83 %)
 [86] 0.06 (1.01 %)
 [87] 0.06 (0.93 %)
 [88] 0.06 (0.92 %)
 [89] 0.06 (0.10 %)
 [90] 0.06 (0.65 %)
 [91] 0.06 (0.44 %)
 [92] 0.07 (0.09 %)
 [93] 0.06 (0.52 %)
 [94] 0.07 (0.15 %)
 [95] 0.06 (1.73 %)
 [96] 0.06 (0.21 %)
 [97] 0.06 (0.35 %)
 [98] 0.07 (0.63 %)
 [99] 0.06 (0.65 %)
 [100] 0.06 (1.04 %)
------------------------------
 Total PDF + alpha_S uncertainty: 
  ## 0.00 (0.40 %)
==============================

